% # columns="iteration, evaluation, sigma, max axis length,  min axis length, all principal axes lengths  (sorted square roots of eigenvalues of C)", seed=205880, Sun May 14 20:40:06 2023
1 30 3.845034318247135 1.0000483345014077 1.0 1.0 1.0000016666680556 1.000003333338889 1.0000050000125 1.000006666688889 1.0000083333680556 1.00001000005 1.0000116667347225 1.0000133334222225 1.0000150001125006 1.0000166668055563 1.00001833350139 1.0000200002000015 1.0000216669013906 1.0000233336055577 1.0000250003125026 1.0000266670222253 1.000028333734726 1.0000300004500045 1.000031667168061 1.0000333338888951 1.0000350006125072 1.0000366673388972 1.000038334068065 1.0000400008000108 1.0000416675347343 1.000043334272236 1.0000450010125153 1.0000466677555726 1.0000483345014077
2 60 3.903945395195914 1.0621800189222435 0.9519478646867121 0.9519478646867121 0.964633933139105 0.9694427653613797 0.980383912401979 0.9838142316948044 0.9895592948723573 0.9906545955559813 0.9918665861845527 0.9946775675434633 0.9963743122142805 0.99736744258794 0.9983277871127206 0.9987320642031604 0.9998355032828995 0.9999698405933314 1.0000297844526904 1.0000471533025064 1.0001533151938882 1.0005114703585476 1.0015511761959515 1.0018496507363968 1.0024023401879258 1.0069429491743946 1.0076697958112466 1.0089578183117272 1.013403465574022 1.019166716344055 1.0285109680262685 1.0327120422968332 1.0621800189222435
3 90 4.042038803485183 1.0923130919873814 0.950468898990744 0.950468898990744 0.9532318882918465 0.963256851989034 0.9662576469247399 0.9702539502262875 0.9726472376333088 0.9824893068449351 0.9853150372682905 0.987242281156601 0.9883409600265924 0.9909116541741536 0.9920453146354232 0.9933880659270304 0.9970677216192754 0.9976348490328805 0.998975367324306 1.0007260615506637 1.00186951276017 1.0033207460202251 1.0054801984467525 1.0075856650343025 1.0104031007080847 1.0106827503315128 1.014736779470869 1.0168803112291376 1.0217137369492928 1.0323186732406922 1.0372650448935807 1.0444954409067204 1.0923130919873814
4 120 4.225619457774366 1.1172618194272883 0.938016460338361 0.938016460338361 0.9463409943548714 0.9557032358885506 0.961828757097665 0.9662026335534181 0.9685843859747473 0.9712916207551234 0.9739060552879818 0.9756247039931177 0.9811434086025276 0.985199527831288 0.9877014626840117 0.9913777609630086 0.9949750215868874 0.9958010872887959 0.9978544850276463 0.9989149761849265 1.0036021547233112 1.0043433558645913 1.0065705553766746 1.011463866105432 1.0137840837156469 1.0160160363569264 1.0204001674321643 1.0235927567032044 1.0331225614904973 1.0379139820490568 1.046606982204019 1.0518662679477369 1.1172618194272883
5 150 4.44754646016697 1.1441947272058277 0.9225067289029365 0.9225067289029365 0.9344987347386922 0.9462017143224359 0.9559247867412878 0.962211044743862 0.9637953643385136 0.9655367342076692 0.9712539847492964 0.9741678337546137 0.9773762744520307 0.9813171180184367 0.9823506704503159 0.9886808591919043 0.9893338178891916 0.9942742572586268 0.9959066863759888 0.9986777178365461 1.0019716942598584 1.0060680578687953 1.0111145235224193 1.0149458887477198 1.0185785018310345 1.022508598898158 1.025661409077079 1.0331114516377602 1.0383236954109754 1.0477563627453634 1.0532007901621019 1.0604781505327694 1.1441947272058277
6 180 4.6083449963204135 1.1705343816677818 0.9174499582949452 0.9174499582949452 0.9254887431136016 0.9352061033436018 0.9492090559928421 0.9522842875672515 0.9566611473994726 0.9612477347058278 0.9645115494677724 0.9707580352095287 0.9758735605999274 0.9804580219851964 0.9867875700769546 0.9908384243787322 0.9915076683324914 0.9938306601821729 0.9949625574007264 0.9998146391339537 1.0038680916600953 1.004484057032194 1.0110507241345774 1.0144233444289643 1.0184849653828196 1.02490710914208 1.0267725430231998 1.0391879681120753 1.0489894861354965 1.053523743444273 1.0621152503337046 1.0668658557077844 1.1705343816677818
7 210 4.73441910075771 1.1800960495295505 0.911644387732678 0.911644387732678 0.921085431642026 0.9252100780260407 0.9387139454670038 0.9480972062987724 0.9574982511421433 0.958770993252595 0.9606726736366403 0.9702668208173875 0.9721010457455815 0.9795442841612635 0.9800669274363317 0.9849274524292284 0.9893240855846376 0.9912527363153422 0.9943700033168182 0.9966981484880126 1.0026317265610751 1.0056042939955256 1.0117739264002135 1.0160568884496495 1.0216801486246798 1.0280338420985768 1.0326050045071806 1.0422465933789804 1.044633853861589 1.0542059166777549 1.0601201563114557 1.071057616735049 1.1800960495295505
8 240 4.942208146215876 1.1932915901955397 0.9098863035996398 0.9098863035996398 0.9160856978855578 0.9317429621335248 0.9373616540250682 0.9455222858910756 0.9478702546255082 0.9542004253449746 0.9600459907848915 0.9668985362886492 0.9722139708171106 0.9775662356724611 0.9804516247444156 0.9825853156265855 0.9849149803674352 0.9903092515158596 0.9933425039447149 0.9961822276904989 1.000467457819313 1.0051894806450499 1.0120577068293486 1.0166611265759113 1.0207715436747153 1.0280461935245182 1.0336197435613224 1.0471915213425973 1.04895004054452 1.056731269302063 1.0656002891475376 1.0733287196369792 1.1932915901955397
9 270 5.000865415839947 1.2223159878112422 0.9026791406105386 0.9026791406105386 0.9043241355822847 0.9252080992489888 0.932689522525811 0.9382244360643291 0.941024693472508 0.9529491593392049 0.9582217712556004 0.966224710362765 0.966809459498234 0.9684546193835399 0.9754873405833544 0.9775312925813037 0.9866241787443335 0.9890869814355754 0.9917098838720664 0.9953740851500755 0.9994121422944355 1.006471048269411 1.0104936277643841 1.0184034077846575 1.0221496082401573 1.0264157360823953 1.0375842015666241 1.045995804009285 1.0532267487201477 1.0584459990333615 1.0744360121978955 1.0760083083431973 1.2223159878112422
10 300 5.006036679825572 1.2387770171766068 0.8948443566510719 0.8948443566510719 0.9014872378676868 0.9202443276154602 0.9309133151873412 0.9379655558727519 0.9396233680107212 0.9533885352942063 0.9559621611757515 0.9577620739426929 0.96253071173183 0.9686879103288487 0.9708477552118508 0.9783468753030905 0.9810115780252832 0.9857557950507158 0.986265321725331 0.9947140057551215 1.0009364944367716 1.0040284137360098 1.010719011974322 1.0183680393468184 1.0227650758457922 1.0295922811233653 1.0389671730243495 1.0493983257065749 1.0576059581775132 1.0697146161619597 1.0727621747685807 1.07747794360187 1.2387770171766068
11 330 4.864672537947968 1.2448116446906725 0.8844683641075333 0.8844683641075333 0.8998705970967534 0.9158723502450209 0.9296202336460808 0.9334078590095949 0.9351979516288909 0.9497935264688652 0.9519439564271682 0.9546730653251582 0.958327283207342 0.9647001821677935 0.9702357948770288 0.9739676224247684 0.9809546396779022 0.9844624079717758 0.9871967174812355 0.996815790313659 1.0017447647666382 1.00394811088548 1.0155507715866365 1.0185588153377234 1.0222053472563493 1.0317003427734581 1.0346161053698009 1.0512833290392276 1.0626696057730238 1.0679431593274855 1.0763509719470636 1.0867446558089273 1.2448116446906725
12 360 4.762983277308953 1.2495816439486238 0.8770361097515141 0.8770361097515141 0.8879418114804901 0.9137978886329107 0.922499772779962 0.9261922678467359 0.9378733220513339 0.9459987581642512 0.9483387433279286 0.950363159072235 0.9577895070546915 0.964350454676011 0.969371495109495 0.970505897591198 0.9747968189638113 0.980491785186611 0.9854155041303018 0.9906972371270897 1.0016149576682953 1.004128046803277 1.0159825281920951 1.0250860994581443 1.0271535348073688 1.0361741024993252 1.0380733266761195 1.0569007369494157 1.067165165933821 1.0723645030337903 1.0809089454424123 1.097190045214957 1.2495816439486238
13 390 4.563381482391443 1.262208587334465 0.8736098024101339 0.8736098024101339 0.8831175285927387 0.9139255670643045 0.91987103013764 0.9213954054039827 0.9271653782718845 0.9345831565290909 0.9402988381677567 0.9439355045296844 0.9588005836373127 0.9613951332572578 0.965113377014528 0.9718942459220759 0.9743778518049534 0.9806033138759229 0.9833832471795932 0.994058716230388 1.0018326038284644 1.0031979939144933 1.014715237201191 1.0230418727208166 1.031581923357945 1.0369543123267335 1.0433099131422399 1.0609147549556524 1.0688213617769398 1.0744195787500623 1.0830243687362182 1.1000230719902442 1.262208587334465
14 420 4.594096544965264 1.2851116838254457 0.8658179795846312 0.8658179795846312 0.8790291004606557 0.908990853621527 0.9137291564819547 0.9167305750365655 0.9222657566559851 0.9329811662222723 0.9349911742944512 0.9432299623389759 0.952198083030741 0.957875750844215 0.9616285203870434 0.9639949567652589 0.9773539248165175 0.9797754383520335 0.9802616960251065 0.9892789299721901 1.0019868549149382 1.0093754258292587 1.0125490143495897 1.0229432635211633 1.0252102780924597 1.0372349820941347 1.0395832222056471 1.064850399522067 1.0699734287273768 1.0734186141393536 1.0855644829398303 1.0960100156867527 1.2851116838254457
15 450 4.676695819975162 1.303946227419351 0.8641006898446639 0.8641006898446639 0.8749598900663081 0.9031046559689189 0.9091105043292417 0.9127884833557847 0.9201684538059232 0.9264760336047961 0.933670583645822 0.943021856171561 0.948978925774176 0.9530088428647443 0.9593827592968434 0.9624291724057945 0.9764454113287617 0.980676749317405 0.9880508962673671 0.9892046389265284 1.000402054893495 1.011084134808489 1.0139885033882576 1.020978820309238 1.0255708216557364 1.041258568022641 1.0424960296686068 1.0615668970411205 1.0741687260512542 1.0775908017428462 1.0890745223909255 1.1122015671425496 1.303946227419351
16 480 4.872525599861336 1.3224633513729536 0.8496669839272708 0.8496669839272708 0.8738882457374629 0.9044527036727844 0.9064790111196096 0.9147251265667153 0.9188127883245651 0.9232180324690132 0.9312341414581491 0.9382894463432976 0.9476334558899069 0.9506188947548493 0.953488783913529 0.9653109326620405 0.9694209806519135 0.9799825663222669 0.9854623829306713 0.9951654727921696 1.0104726462762115 1.011295141012768 1.0150247592777462 1.0218453901021445 1.0302848387861225 1.039300401052374 1.0410450754601128 1.055305820707556 1.070573454699028 1.0792986917268812 1.086109096918425 1.1224126994324763 1.3224633513729536
17 510 4.989130315271706 1.3442095932702216 0.8352571610322593 0.8352571610322593 0.8695841572497083 0.893215887093341 0.9059455101510249 0.9079633988893923 0.916480384838234 0.9211929313307966 0.930219896059579 0.9340359210817898 0.9422109131932486 0.9464082585727326 0.9532468808266302 0.9675009414511365 0.9716716911056965 0.980109338474245 0.9826832615717707 0.9997031892391712 1.0097050441501438 1.0113046153143366 1.0147743390816535 1.028813602420059 1.032317979574692 1.0381953489380467 1.0456170448031046 1.0618367169507295 1.0746615075056989 1.078217548123276 1.0923681937186684 1.1313248110686844 1.3442095932702216
18 540 4.970321322622442 1.353217442427989 0.8328297711865704 0.8328297711865704 0.8640416973918689 0.890992401166407 0.8978909441265864 0.9039564846922596 0.9112208236211098 0.9173633893833715 0.9255557036436411 0.931951423847963 0.9376111389970326 0.9432958678002408 0.955499970778242 0.9647803171486543 0.966876840526953 0.9746267191144065 0.9906689171598553 0.9980102821563074 1.0040811553546223 1.0065899730052406 1.0144280566750197 1.0269621906850335 1.0348068288962973 1.041637559326884 1.0577777004815048 1.068860087156829 1.080343739545603 1.0931022039345375 1.1040030293217662 1.1336366613655224 1.353217442427989
19 570 4.903606681230922 1.3603281292390172 0.8211234135228336 0.8211234135228336 0.8588595240347158 0.8865154518475017 0.897551523885611 0.9033490514700362 0.9072214278517792 0.9114246617227608 0.9232496164003791 0.9314502120796679 0.9396852305938556 0.941795534314565 0.9520393718630249 0.9606622350273111 0.9700654323838588 0.9746547684990211 0.9827763408525719 0.9978288723734504 1.0010485660858368 1.011627600027121 1.0134838267774968 1.028404744717528 1.0313323722086436 1.0466996379521682 1.0581842149390968 1.070539605388351 1.0857924840555282 1.0957417121447777 1.1157921851653343 1.1369637637175203 1.3603281292390172
20 600 4.808369473358834 1.3660304712563147 0.8115748457075744 0.8115748457075744 0.8496827541775166 0.8825511518627376 0.8938742914959135 0.900856059538905 0.9050315756749081 0.909870096052061 0.9187027961244655 0.9271816129314309 0.9345368665213282 0.9405258367041227 0.9427251900106993 0.9611335424220503 0.9672020671812646 0.9706421556791593 0.9794657010000188 0.9913168408815606 1.0053731651118885 1.0080082421003982 1.0152265516117425 1.0250111326674778 1.0324291508632675 1.0438852116062463 1.056574822754041 1.076138723161598 1.0962076797554137 1.1074392065435361 1.125486474891254 1.1426031682910982 1.3660304712563147
21 630 4.701610913683433 1.3681671638006687 0.8078876418358976 0.8078876418358976 0.8406040504944324 0.8774793546263392 0.8806489295196155 0.8906389152008738 0.8990735396593941 0.9117611426958334 0.9131685931539081 0.9309876855158887 0.9349254349858531 0.9384545546960006 0.94084293687982 0.960863104536295 0.9638352129533931 0.9715670256304015 0.9827975721566286 0.9920857659139204 1.0063273765031129 1.0082907210329441 1.0168674036804535 1.0236091631446989 1.0348203723501157 1.0472619553337263 1.0621192737065115 1.0759080115606985 1.0919646065501227 1.1103271381832445 1.1265873079031008 1.1470362619262098 1.3681671638006687
22 660 4.522990624757101 1.3762640877674925 0.8016964158770605 0.8016964158770605 0.8386088836833554 0.8677018220888458 0.8757453807523737 0.8871781199760174 0.8979833218011732 0.9062688472087898 0.9106667832218804 0.9298299112538753 0.9306975084412324 0.9355610583285576 0.9395756579613478 0.9598550746811847 0.9653964338677306 0.972173356833039 0.9779566648414737 0.990009736534804 1.0045585722910406 1.0068981007738118 1.020743699610454 1.026042722695654 1.0326984741805396 1.051408088853195 1.0678375413319203 1.0828154100839416 1.0936816988897184 1.1144669870914383 1.134633484254998 1.137328819567795 1.3762640877674925
23 690 4.367461935009705 1.367493481143527 0.7956958977464886 0.7956958977464886 0.8345882346533692 0.8666375579143811 0.8711045550063321 0.8833026080938806 0.8957094205796354 0.9020978039386135 0.9082646097265986 0.9274388045396333 0.9312824875057734 0.9389463002045432 0.9429731343715801 0.9551309816971462 0.9608362304919521 0.967915286737413 0.9773734259102915 0.9924722745129119 1.004300150954218 1.0049175307070015 1.0165197699780804 1.0218952745748286 1.0276578344901794 1.0497395516795118 1.0660628102433765 1.087213081958475 1.090693009616132 1.1252234304193118 1.138488037251782 1.1449553016286673 1.367493481143527
24 720 4.297924568721466 1.352719133159563 0.7900726355534627 0.7900726355534627 0.8328042974342534 0.8662976886903346 0.8706196668967873 0.8774532614242198 0.8981070018737735 0.9026211927457387 0.9037723420480407 0.9222551458981979 0.9283950866187277 0.9392150519424116 0.9413871167463795 0.9571238874890378 0.9612866712612825 0.971634124735399 0.9746829051526441 0.990205607042479 1.0044082364717393 1.006198045622482 1.0185684604452403 1.02210148406426 1.02765103657994 1.045716085663448 1.0765277444380361 1.0836189311790927 1.0901096911201826 1.1206663006330662 1.1444386730973 1.1569145846065512 1.352719133159563
25 750 4.273995042562853 1.3558939610499443 0.7887138727986733 0.7887138727986733 0.8298138658080907 0.8642544287633434 0.8683813275622471 0.8778537460704025 0.8950841347718685 0.8987393236110583 0.9054436319998347 0.9163064025596513 0.9229128345127922 0.9374151525549672 0.9414748242571611 0.9493581207245833 0.9609489400133793 0.9721252307558909 0.9795006588206246 0.9880600676474034 0.9960648910764184 1.0109557687315363 1.0168945968399632 1.0233910777156892 1.0269852894696119 1.0438781862684259 1.0798974103116494 1.0828224782204998 1.107713757515854 1.1150172165458108 1.1368796987127006 1.1649638374014697 1.3558939610499443
26 780 4.244452603820265 1.3542152568834136 0.782900332057244 0.782900332057244 0.8229330686884013 0.8603129895923084 0.8666212860220859 0.8770891313616281 0.8906232291559519 0.8964565344223999 0.9026895848781117 0.9152004028260561 0.9202423448145294 0.9408638430720129 0.9455491604566478 0.9547941918899756 0.9575902434703182 0.9705636104089698 0.9849049372543119 0.988803029482506 0.9960952319304515 1.010229329312641 1.0178386488428364 1.0216337088485827 1.02900419491394 1.0451331649176665 1.0751346204831216 1.082659666199773 1.1111832442088987 1.1127601905174 1.1437744361500723 1.1691075733871736 1.3542152568834136
27 810 4.3822453385182785 1.3660314149521016 0.7782822317524255 0.7782822317524255 0.822002842457177 0.8555407532165811 0.861976401758467 0.8787924588481701 0.8875490243532503 0.8929717908283187 0.8979831084740616 0.9141092743127525 0.9194907378367514 0.9395789105479092 0.9417991784448325 0.9539076031957571 0.9589207690328425 0.9715549004338736 0.9810598929694967 0.9854788312337871 0.9992737086798877 1.008153272487553 1.020412998546729 1.0229973510911599 1.0402516486823892 1.044425200974195 1.081883151303699 1.086324359781371 1.101781367620674 1.1091669691166384 1.1534144149943035 1.1809576726059905 1.3660314149521016
28 840 4.403674780829986 1.3685969314460589 0.7739882603921266 0.7739882603921266 0.8173778572113005 0.8557617924586346 0.8583525777023536 0.8795761578044987 0.8871686532995615 0.8929742053051029 0.8965638611294365 0.904725575328927 0.9231108258902526 0.9344689252425349 0.9472306998606469 0.951720805140896 0.958595617753834 0.9616852448320478 0.9784310417811009 0.9859851715051191 0.996030810019904 1.0067222672663383 1.0217307219193055 1.029705202417954 1.0374648397499324 1.055894015378146 1.0763191307889344 1.0927618941206612 1.1018800236726336 1.1101351660088634 1.1528944794555642 1.1818093383209223 1.3685969314460589
